500 1286.23
500.5 1431.74
501 1446.63
501.5 1416.76
502 1359.74
502.5 1405.77
503 1584.62
503.5 1488.74
504 1295.87
504.5 1467.04
505 1458.74
505.5 1434.78
506 1478.25
506.5 1241.74
507 1345.01
507.5 1396.99
508 1313.74
508.5 1277.56
509 1520.68
509.5 1523.74
510 1574.22
510.5 1510.02
511 1467.74
511.5 1444.22
512 1486.51
512.5 1443.74
513 1685.24
513.5 1735.49
514 1950.74
514.5 1663.94
515 1798.12
515.5 2107.74
516 2099.29
516.5 2076.97
517 2257.74
517.5 2282.38
518 2371.77
518.5 2300.74
519 2314.19
519.5 2554.27
520 2562.74
520.5 2617.12
521 2665.34
521.5 2790.74
522 2743.62
522.5 2836.22
523 3034.74
523.5 3103.81
524 2899.13
524.5 2911.74
525 3138.63
525.5 3188.13
526 3029.74
526.5 3150.4
527 3134.54
527.5 3271.74
528 3228.18
528.5 3293.24
529 3126.74
529.5 3332.05
530 3367.21
530.5 3300.74
531 3356.27
531.5 3429.81
532 3268.74
532.5 3394.19
533 3153.28
533.5 3092.74
534 3191.23
534.5 3237.98
535 3327.74
535.5 3110.41
536 3098.83
536.5 3161.74
537 3029.76
537.5 2913.11
538 2947.74
538.5 2911.01
539 3022.06
539.5 2830.74
540 2740.34
540.5 2637.71
541 2698.74
541.5 2637.94
542 2577.53
542.5 2667.74
543 2412.07
543.5 2431.65
544 2709.74
544.5 2317.17
545 2254.97
545.5 2323.74
546 2328.03
546.5 2254.04
547 2217.74
547.5 2342.52
548 2310.94
548.5 2232.74
549 2247.23
549.5 2364.56
550 2323.74
550.5 2387.87
551 2277.89
551.5 2562.74
552 2569.65
552.5 2557.51
553 2692.74
553.5 2651.61
554 2776.82
554.5 2843.74
555 2986.51
555.5 3091.14
556 3193.74
556.5 3207.27
557 3470.61
557.5 3383.74
558 3531.66
558.5 3722.78
559 3781.74
559.5 3779.8
560 4011.31
560.5 4149.74
561 4276.63
561.5 4351.68
562 4730.74
562.5 4677.33
563 4961.55
563.5 5080.74
564 5014.3
564.5 5217.24
565 5218.74
565.5 5483.03
566 5605.71
566.5 5711.74
567 5720.73
567.5 5956.79
568 5941.74
568.5 6039.69
569 6037.73
569.5 6310.74
570 6265.29
570.5 6314.25
571 6459.74
571.5 6435.06
572 6747.65
572.5 6681.74
573 6693.05
573.5 6923.86
574 6607.74
574.5 6621.33
575 6774.06
575.5 6747.74
576 6668.6
576.5 6850.19
577 6714.74
577.5 6684.22
578 6656.97
578.5 6454.74
579 6506.32
579.5 6386.47
580 6182.74
580.5 6088.65
581 6030.82
581.5 5865.74
582 5794.41
582.5 5579.25
583 5433.74
583.5 5357.97
584 5221.28
584.5 5192.74
585 5023.19
585.5 4878.25
586 4911.74
586.5 4588.57
587 4725.27
587.5 4625.74
588 4656.93
588.5 4523.06
589 4603.74
589.5 4549.95
590 4616.32
590.5 4675.74
591 4717.2
591.5 4795.55
592 4839.74
592.5 5031.43
593 5472.53
593.5 5555.74
594 5743.65
594.5 5898.51
595 6197.74
595.5 6485.79
596 6526.38
596.5 6897.74
597 7209.2
597.5 7485.45
598 7500.74
598.5 8065.95
599 8242.68
599.5 8458.74
600 8709.74
600.5 8972.82
601 9124.74
601.5 9554.36
602 9605.84
602.5 10059.7
603 10216.7
603.5 10346.8
604 10622.7
604.5 10959.8
605 11010.4
605.5 11084.7
606 11368.5
606.5 11802.1
607 11767.7
607.5 11908.5
608 12171.9
608.5 12266.7
609 12348.9
609.5 12414.2
610 12356.7
610.5 12676.4
611 12706.5
611.5 12672.7
612 12666.2
612.5 12849.5
613 12730.7
613.5 12882.7
614 12929.9
614.5 12927.7
615 12751.6
615.5 12693.5
616 12699.7
616.5 12574.3
617 12786.9
617.5 12571.7
618 12372.9
618.5 12081.6
619 12089.7
619.5 11864.4
620 11802.8
620.5 11703.7
621 11644.3
621.5 11284.5
622 11150.7
622.5 10775.8
623 10703.1
623.5 10324.7
624 10175.4
624.5 9959.95
625 9494.74
625.5 9536.56
626 9388.73
626.5 8941.74
627 8969.01
627.5 8650.34
628 8684.74
628.5 8515.74
629 8228.98
629.5 8471.74
630 8095.02
630.5 8136.82
631 8124.74
631.5 7951.32
632 7796.63
632.5 7971.74
633 7830.5
633.5 8038.81
634 8108.74
634.5 7951.51
635 8262.23
635.5 8527.74
636 8533.3
636.5 8705.97
637 8917.74
637.5 9384.3
638 9675.76
638.5 9908.74
639 10463.4
639.5 10931
640 11671.7
640.5 11767.5
641 12500.2
641.5 13294.7
642 14247.7
642.5 14705.8
643 15548.7
643.5 16551.4
644 17812.5
644.5 18796.7
645 19982.6
645.5 21468.9
646 22859.7
646.5 24652.6
647 26276.4
647.5 28261.7
648 30200.6
648.5 32194.4
649 33420.7
649.5 35055.7
650 37168.7
650.5 38993.7
651 41946.2
651.5 44841.7
652 48030.7
652.5 50911.7
653 53686.9
653.5 57044.7
654 60190.3
654.5 63416.1
655 66348.7
655.5 69575.9
656 72297.3
656.5 74303.7
657 77287.6
657.5 79247.7
658 81050.7
658.5 82402.3
659 83475.5
659.5 84326.7
660 84660.4
660.5 84424
661 83480.7
661.5 82686.6
662 81227.7
662.5 79472.7
663 77215.7
663.5 74481.8
664 71724.7
664.5 68349.8
665 65244.2
665.5 61204.7
666 57896.8
666.5 54595
667 51019.7
667.5 47063.2
668 43480.2
668.5 40470.7
669 37261.3
669.5 33903.3
670 30994.7
670.5 28506.9
671 25462.1
671.5 23102.7
672 20572.2
672.5 18483.7
673 16201.7
673.5 13911
674 12017.9
674.5 10567.7
675 9163.7
675.5 7976.13
676 7045.74
676.5 6352.96
677 5561.74
677.5 5039.74
678 4617.44
678.5 3933.58
679 3415.74
679.5 3182.03
680 2966.64
680.5 2745.74
681 2291.76
681.5 2217.59
682 1964.74
682.5 1907.25
683 1545.96
683.5 1495.74
684 1311.94
684.5 1367.28
685 1094.74
685.5 1134.29
686 944.672
686.5 937.737
687 958.63
687.5 687.861
688 667.737
688.5 726.438
689 486.508
689.5 452.737
690 432.087
690.5 635.13
691 555.737
691.5 539.057
692 344.408
692.5 545.737
693 453.675
693.5 256.334
694 406.737
694.5 318.312
695 96.0705
695.5 392.737
696 162.946
696.5 153.044
697 257.737
697.5 74.5891
698 104.334
698.5 78.7372
699 -10.2707
699.5 129.616
700 0
700.5 0
701 0
701.5 0
702 0
702.5 0
703 0
703.5 0
704 0
704.5 0
705 0
705.5 0
706 0
706.5 0
707 0
707.5 0
708 0
708.5 0
709 0
709.5 0
710 0
710.5 0
711 0
711.5 0
712 0
712.5 0
713 0
713.5 0
714 0
714.5 0
715 0
715.5 0
716 0
716.5 0
717 0
717.5 0
718 0
718.5 0
719 0
719.5 0
720 0
720.5 0
721 0
721.5 0
722 0
722.5 0
723 0
723.5 0
724 0
724.5 0
725 0
725.5 0
726 0
726.5 0
727 0
727.5 0
728 0
728.5 0
729 0
729.5 0
730 0
730.5 0
731 0
731.5 0
732 0
732.5 0
733 0
733.5 0
734 0
734.5 0
735 0
735.5 0
736 0
736.5 0
737 0
737.5 0
738 0
738.5 0
739 0
739.5 0
740 0
740.5 0
741 0
741.5 0
742 0
742.5 0
743 0
743.5 0
744 0
744.5 0
745 0
745.5 0
746 0
746.5 0
747 0
747.5 0
748 0
748.5 0
749 0
749.5 0
750 0
750.5 0
751 0
751.5 0
752 0
752.5 0
753 0
753.5 0
754 0
754.5 0
755 0
755.5 0
756 0
756.5 0
757 0
757.5 0
758 0
758.5 0
759 0
759.5 0
760 0
760.5 0
761 0
761.5 0
762 0
762.5 0
763 0
763.5 0
764 0
764.5 0
765 0
765.5 0
766 0
766.5 0
767 0
767.5 0
768 0
768.5 0
769 0
769.5 0
770 0
770.5 0
771 0
771.5 0
772 0
772.5 0
773 0
773.5 0
774 0
774.5 0
775 0
775.5 0
776 0
776.5 0
777 0
777.5 0
778 0
778.5 0
779 0
779.5 0
780 0
780.5 0
781 0
781.5 0
782 0
782.5 0
783 0
783.5 0
784 0
784.5 0
785 0
785.5 0
786 0
786.5 0
787 0
787.5 0
788 0
788.5 0
789 0
789.5 0
790 0
790.5 0
791 0
791.5 0
792 0
792.5 0
793 0
793.5 0
794 0
794.5 0
795 0
795.5 0
796 0
796.5 0
797 0
797.5 0
798 0
798.5 0
799 0
799.5 0
800 0
