500 0
500.5 0
501 0
501.5 0
502 0
502.5 0
503 0
503.5 0
504 0
504.5 0
505 0
505.5 0
506 0
506.5 0
507 0
507.5 0
508 0
508.5 0
509 0
509.5 0
510 0
510.5 0
511 0
511.5 0
512 0
512.5 0
513 0
513.5 0
514 0
514.5 0
515 0
515.5 0
516 0
516.5 0
517 0
517.5 0
518 0
518.5 0
519 0
519.5 0
520 0
520.5 0
521 0
521.5 0
522 0
522.5 0
523 0
523.5 0
524 0
524.5 0
525 0
525.5 0
526 0
526.5 0
527 0
527.5 0
528 0
528.5 0
529 0
529.5 0
530 0
530.5 0
531 0
531.5 0
532 0
532.5 0
533 0
533.5 0
534 0
534.5 0
535 0
535.5 0
536 0
536.5 0
537 0
537.5 0
538 0
538.5 0
539 0
539.5 0
540 0
540.5 0
541 0
541.5 0
542 0
542.5 0
543 0
543.5 0
544 0
544.5 0
545 0
545.5 0
546 0
546.5 0
547 0
547.5 0
548 0
548.5 0
549 0
549.5 0
550 0
550.5 0
551 0
551.5 0
552 0
552.5 0
553 0
553.5 0
554 0
554.5 0
555 0
555.5 0
556 0
556.5 0
557 0
557.5 0
558 0
558.5 0
559 0
559.5 0
560 0
560.5 0
561 0
561.5 0
562 0
562.5 0
563 0
563.5 0
564 0
564.5 0
565 0
565.5 0
566 0
566.5 0
567 0
567.5 0
568 0
568.5 0
569 0
569.5 0
570 0
570.5 0
571 0
571.5 0
572 0
572.5 0
573 0
573.5 0
574 0
574.5 0
575 0
575.5 0
576 0
576.5 0
577 0
577.5 0
578 0
578.5 0
579 0
579.5 0
580 0
580.5 0
581 0
581.5 0
582 0
582.5 0
583 0
583.5 0
584 0
584.5 0
585 0
585.5 0
586 0
586.5 0
587 0
587.5 0
588 0
588.5 0
589 0
589.5 0
590 0
590.5 0
591 0
591.5 0
592 0
592.5 0
593 0
593.5 0
594 0
594.5 0
595 0
595.5 0
596 0
596.5 0
597 0
597.5 0
598 0
598.5 0
599 0
599.5 0
600 0
600.5 0
601 0
601.5 0
602 0
602.5 0
603 0
603.5 0
604 0
604.5 0
605 0
605.5 0
606 0
606.5 0
607 0
607.5 0
608 0
608.5 0
609 0
609.5 0
610 0
610.5 0
611 0
611.5 0
612 0
612.5 0
613 0
613.5 0
614 0
614.5 0
615 0
615.5 0
616 0
616.5 0
617 0
617.5 0
618 0
618.5 0
619 0
619.5 0
620 0
620.5 0
621 0
621.5 0
622 0
622.5 52.4075
623 62.671
623.5 75.0516
624 88.389
624.5 101.848
625 116.339
625.5 133.367
626 150.309
626.5 163.663
627 177.567
627.5 195.603
628 215.937
628.5 237.871
629 261.581
629.5 286.784
630 314.155
630.5 344.085
631 377.145
631.5 414.345
632 454.759
632.5 495.817
633 543.457
633.5 604.972
634 673.729
634.5 743.397
635 820.365
635.5 909.631
636 1009.04
636.5 1115.54
637 1236.83
637.5 1383.36
638 1543.86
638.5 1701.71
639 1883.42
639.5 2117.18
640 2381.31
640.5 2654.34
641 2963.82
641.5 3338.35
642 3753.19
642.5 4179.77
643 4658.27
643.5 5231.7
644 5863.1
644.5 6508.05
645 7231.99
645.5 8108.56
646 9068.86
646.5 10031.1
647 11107.7
647.5 12418.6
648 13858.4
648.5 15317
649 16927.8
649.5 18857.7
650 20895.9
650.5 22815
651 24831.7
651.5 27157.2
652 29580
652.5 31914.1
653 34294.8
653.5 36859.1
654 39416.6
654.5 41739.2
655 44078.2
655.5 46673.8
656 49330.4
656.5 51905.3
657 54479.8
657.5 57133.5
658 59728.9
658.5 62094.6
659 64412.8
659.5 66870.1
660 69282.7
660.5 71501.3
661 73609.4
661.5 75681.7
662 77594.4
662.5 79210.2
663 80644.8
663.5 82004.8
664 83180.9
664.5 84086.2
665 84760.9
665.5 85211.8
666 85452.3
666.5 85526.7
667 85348.7
667.5 84806.8
668 84021
668.5 83124.9
669 81965.7
669.5 80359.5
670 78532.6
670.5 76724.7
671 74712.4
671.5 72254.3
672 69643.9
672.5 67173.9
673 64605.2
673.5 61687.2
674 58747.9
674.5 56110.3
675 53539.7
675.5 50839.6
676 48217.7
676.5 45873.3
677 43635.1
677.5 41319
678 39162.8
678.5 37450.8
679 35859.1
679.5 34064
680 32349.4
680.5 30960.2
681 29689.6
681.5 28373.1
682 27129.3
682.5 26048.7
683 25051.9
683.5 24077
684 23161.8
684.5 22328.2
685 21562
685.5 20847.7
686 20210.7
686.5 19694.3
687 19229.4
687.5 18746.4
688 18290.6
688.5 17888.4
689 17527
689.5 17194.9
690 16914.2
690.5 16720.7
691 16560.4
691.5 16377.1
692 16212.8
692.5 16100.3
693 16010.5
693.5 15920.7
694 15843.6
694.5 15788
695 15742.9
695.5 15694.4
696 15660.4
696.5 15662.8
697 15675.1
697.5 15672.8
698 15671.7
698.5 15681.8
699 15695.4
699.5 15704.8
700 15719.6
700.5 15748.4
701 15786.6
701.5 15835
702 15886.9
702.5 15932.1
703 15982.4
703.5 16048.5
704 16123.6
704.5 16205.8
705 16291.4
705.5 16372.5
706 16460.6
706.5 16566.6
707 16684.5
707.5 16811.3
708 16949.1
708.5 17100.1
709 17259.7
709.5 17425.4
710 17593.6
710.5 17756.7
711 17925.2
711.5 18111.3
712 18301.6
712.5 18479.6
713 18665.8
713.5 18887.2
714 19106.6
714.5 19287.7
715 19454.4
715.5 19621.4
716 19780.2
716.5 19928.5
717 20062.8
717.5 20173.7
718 20276.1
718.5 20390.7
719 20490.3
719.5 20545.6
720 20583.1
720.5 20629.9
721 20655.2
721.5 20628.1
722 20575.7
722.5 20519.2
723 20444.7
723.5 20343.4
724 20220.9
724.5 20076.2
725 19920.9
725.5 19766
726 19611.1
726.5 19469.1
727 19311.5
727.5 19102.8
728 18876.6
728.5 18661.9
729 18436.3
729.5 18176.4
730 17914
730.5 17683.4
731 17453.7
731.5 17203.1
732 16939.2
732.5 16656.7
733 16372.6
733.5 16106.2
734 15845.6
734.5 15587.1
735 15324.8
735.5 15049.4
736 14767
736.5 14485.5
737 14190.5
737.5 13852
738 13524
738.5 13276.6
739 13030.9
739.5 12708.5
740 12377.2
740.5 12097.3
741 11813.8
741.5 11473.2
742 11131.1
742.5 10845.5
743 10556
743.5 10200.8
744 9841.96
744.5 9540.1
745 9237.83
745.5 8877.91
746 8520.58
746.5 8223.53
747 7937.1
747.5 7614.01
748 7304.84
748.5 7064.34
749 6832.62
749.5 6549.88
750 6270.56
750.5 6042.12
751 5825.7
751.5 5588.79
752 5359.72
752.5 5164.32
753 4977.56
753.5 4773.8
754 4580.61
754.5 4425.75
755 4282.99
755.5 4132.86
756 3982.86
756.5 3828.15
757 3686.31
757.5 3581.16
758 3489.05
758.5 3393.08
759 3296.75
759.5 3195.25
760 3096.63
760.5 3009.94
761 2927.31
761.5 2838.2
762 2759.54
762.5 2712.61
763 2673.89
763.5 2623.78
764 2571.79
764.5 2520.45
765 2471.06
765.5 2426.26
766 2384.58
766.5 2347.06
767 2308.87
767.5 2262
768 2217.03
768.5 2185.1
769 2156.57
769.5 2122.12
770 2092
770.5 2079.07
771 2066.17
771.5 2034.11
772 2001.71
772.5 1985.59
773 1973.1
773.5 1955.63
774 1937.67
774.5 1921.7
775 1905.25
775.5 1884.76
776 1866.01
776.5 1855.45
777 1847.58
777.5 1839.54
778 1829.89
778.5 1813.66
779 1798.49
779.5 1793.64
780 1789.19
780.5 1775.36
781 1760.95
781.5 1752.98
782 1747.05
782.5 1741.58
783 1735.17
783.5 1725.95
784 1713.7
784.5 1695.1
785 1677.59
785.5 1668.77
786 1664.82
786.5 1667.37
787 1667.66
787.5 1655.05
788 1636.88
788.5 1613.41
789 1595.25
789.5 1600.03
790 1607.09
790.5 1597.52
791 1583.82
791.5 1572.59
792 1562.53
792.5 1556.41
793 1548.66
793.5 1531.39
794 1514.28
794.5 1506.59
795 1501.65
795.5 1497.05
796 1489.2
796.5 1470.25
797 1450.53
797.5 1440.21
798 1431.94
798.5 1420.23
799 1409.7
799.5 1402.46
800 1400.6
